#x		y
0.0		98.14815
0.9937046	235.18518
1.981598	181.85185
2.9462469	211.48148
3.1438258	359.62964
3.2949152	446.2963
3.4343827	572.96295
3.620339	698.8889
3.7598064	784.0741
3.9690073	936.6667
4.1898303	787.03705
4.364165	663.3333
4.6082325	527.7778
4.770944	394.44446
4.875545	338.14816
5.00339		241.85185
5.5380144	167.77777
6.02615		95.18519
6.9791765	81.111115
7.955448	217.40741
8.989831	244.07408
9.9893465	304.07407
10.988862	217.40741
11.953511	272.96295
13.011138	99.62963
13.929297	130.0
14.766102	182.59259
15.230992	213.7037
15.974818	244.07408
17.020823	248.51852
17.985472	172.96297
19.043098	164.81482
19.996126	76.666664
21.030508	93.703705
22.018402	159.62962
23.064407	166.2963
24.063923	191.48148
25.028572	263.33334
26.028088	68.51852
27.050848	115.18519
28.0		91.48148
